SM:2022-05-05T07:57:53.8001886Z
LM:2022-05-05T08:02:23.3670055Z
CT:image/png
MA:604800
CL:10488
